233 48 233 48 233 47 233 47 
234 46 235 46 236 45 237 45 
238 44 240 44 242 43 244 43 
247 42 250 42 253 41 256 40 
260 40 265 39 269 38 275 37 
280 36 287 36 294 35 301 33 
310 32 320 31 330 30 342 28 
355 27 370 25 387 23 406 20 
428 18 454 14 483 11 518 7 
560 2 612 -3 675 -11 756 -20 
861 -33 1006 -50 1216 -75 1549 -114 
2151 -185 3578 -354 11180 -1251 -9510 1190 
-3285 456 -1967 300 -1395 232 -1075 195 
-871 171 -730 154 -626 142 -547 132 
-484 125 -434 119 -392 114 -357 110 
-327 107 -302 104 -279 101 -260 99 
-243 97 -227 95 -214 94 -202 93 
-190 91 -180 90 -171 89 -163 88 
-155 88 -148 87 -141 86 -135 86 
-130 85 -124 85 -120 84 -115 84 
-111 84 -107 83 -103 83 -99 83 
-96 83 -93 82 -90 82 -87 82 
-84 82 -82 82 -80 82 -77 82 
-75 82 -73 82 -71 82 -69 82 
-68 82 -66 82 -64 82 -63 82 
-61 82 -60 82 -58 83 -57 83 
-56 83 -55 83 -53 83 -52 83 
-51 84 -50 84 -49 84 -48 85 
-47 85 -46 85 -46 85 -45 86 
-44 86 -43 86 -42 87 -42 87 
-41 88 -40 88 -40 89 -39 89 
-38 90 -38 90 -37 91 -36 91 
-36 92 -35 92 -35 93 -34 94 
-34 94 -33 95 -33 96 -32 96 
-31 97 -31 98 -30 99 -30 100 
-29 101 -29 102 -28 103 -28 104 
-27 105 -27 106 -26 107 -26 108 
-25 110 -24 111 -24 113 -23 114 
-22 116 -22 117 -21 119 -20 121 
-19 123 -18 125 -17 128 -16 130 
-15 133 -14 136 -13 139 -11 142 
-10 146 -8 150 -6 154 -4 159 
-2 164 0 170 3 177 6 184 
10 193 15 203 20 214 26 228 
34 244 43 263 55 288 71 320 
92 362 122 422 167 513 245 666 
406 986 950 2057 -5776 -11182 -801 -1387 
-455 -705 -329 -456 -264 -326 -225 -247 
-198 -193 -179 -154 -165 -125 -154 -102 
-146 -83 -139 -67 -133 -54 -129 -43 
-125 -33 -122 -25 -119 -17 -117 -10 
-115 -4 -113 0 -112 6 -111 10 
-110 15 -109 19 -109 23 -108 26 
-108 30 -108 33 -108 37 -108 40 
-108 43 -109 45 -109 48 -110 51 
-110 54 -111 56 -112 59 -113 62 
-114 64 -115 67 -116 70 -118 72 
-119 75 -120 77 -122 80 -124 83 
-126 86 -128 88 -130 91 -132 94 
-134 97 -137 100 -140 103 -142 107 
-145 110 -149 114 -152 117 -156 121 
-159 125 -164 130 -168 134 -173 139 
-178 144 -183 149 -189 154 -195 160 
-202 166 -209 173 -217 180 -225 188 
-235 197 -245 206 -256 216 -268 227 
-282 239 -297 252 -315 267 -334 284 
-356 303 -381 325 -410 350 -444 380 
-485 414 -533 456 -593 508 -669 572 
-766 655 -898 768 -1084 927 -1370 1170 
-1861 1588 -2905 2477 -6643 5659 22932 -19508 
4198 -3566 2308 -1958 1590 -1347 1212 -1025 
979 -826 821 -691 706 -594 620 -520 
552 -462 498 -415 453 -377 415 -345 
383 -317 356 -294 332 -273 312 -255 
293 -240 277 -225 262 -213 249 -201 
237 -191 226 -181 216 -173 207 -165 
199 -158 191 -151 184 -144 177 -139 
171 -133 165 -128 160 -123 154 -119 
150 -114 145 -110 141 -106 137 -103 
133 -99 129 -96 126 -93 122 -90 
119 -87 116 -84 113 -82 111 -79 
108 -77 106 -75 103 -72 101 -70 
99 -68 96 -66 94 -64 92 -62 
90 -60 88 -58 87 -57 85 -55 
83 -53 81 -52 80 -50 78 -48 
76 -47 75 -45 73 -44 72 -42 
70 -41 69 -39 67 -38 66 -36 
64 -35 63 -33 61 -31 60 -30 
58 -28 57 -26 55 -24 53 -22 
51 -20 50 -18 48 -16 45 -13 
43 -10 40 -6 37 -2 33 1 
29 7 23 14 16 24 6 37 
-8 57 -33 92 -88 166 -297 452 
886 -1168 247 -293 163 -178 130 -133 
112 -108 100 -93 92 -82 87 -74 
82 -68 78 -64 75 -60 73 -56 
70 -53 68 -51 67 -49 65 -47 
64 -45 62 -43 61 -42 60 -40 
59 -39 58 -38 57 -37 56 -36 
56 -35 55 -34 54 -33 53 -32 
53 -32 52 -31 51 -30 51 -30 
50 -29 50 -28 49 -28 49 -27 
48 -26 48 -26 47 -25 47 -25 
46 -24 46 -24 46 -23 45 -23 
45 -23 44 -22 44 -22 44 -21 
43 -21 43 -21 43 -20 42 -20 
42 -19 42 -19 41 -19 41 -18 
41 -18 40 -18 40 -17 40 -17 
39 -17 39 -16 39 -16 39 -16 
38 -16 38 -15 38 -15 38 -15 
37 -15 37 -14 37 -14 37 -14 
36 -13 36 -13 36 -13 36 -13 
35 -13 35 -12 35 -12 35 -12 
35 -12 34 -11 34 -11 34 -11 
34 -11 34 -11 33 -10 33 -10 
33 -10 33 -10 33 -10 33 -9 
32 -9 32 -9 32 -9 32 -9 
32 -8 31 -8 31 -8 31 -8 
31 -8 31 -8 31 -7 31 -7 
30 -7 30 -7 30 -7 30 -7 
30 -6 30 -6 29 -6 29 -6 
29 -6 29 -6 29 -5 29 -5 
29 -5 28 -5 28 -5 28 -5 
28 -5 28 -4 28 -4 28 -4 
28 -4 27 -4 27 -4 27 -4 
27 -3 27 -3 27 -3 27 -3 
27 -3 26 -3 26 -3 26 -3 
26 -2 26 -2 26 -2 26 -2 
26 -2 26 -2 25 -2 25 -2 
25 -1 25 -1 25 -1 25 -1 
25 -1 25 -1 25 -1 25 -1 
24 -1 24 0 24 0 24 0 
24 0 24 0 24 0 24 0 
24 0 24 0 23 0 23 0 
23 0 23 0 23 0 23 0 
23 0 23 0 23 0 23 0 
23 0 23 1 22 1 22 1 
22 1 22 1 22 1 22 1 
22 1 22 1 22 1 22 2 
22 2 22 2 21 2 21 2 
21 2 21 2 21 2 21 2 
21 2 21 2 21 3 21 3 
21 3 21 3 21 3 21 3 
20 3 20 3 20 3 20 3 
20 3 20 4 20 4 20 4 
20 4 20 4 20 4 20 4 
20 4 20 4 20 4 19 4 
19 4 19 5 19 5 19 5 
19 5 19 5 19 5 19 5 
19 5 19 5 19 5 19 5 
19 5 19 6 19 6 18 6 
18 6 18 6 18 6 18 6 
18 6 18 6 18 6 18 6 
18 6 18 7 18 7 18 7 
18 7 18 7 18 7 18 7 
18 7 18 7 17 7 17 7 
17 8 17 8 17 8 17 8 
17 8 17 8 17 8 17 8 
17 8 17 8 17 8 17 8 
17 9 17 9 17 9 17 9 
17 9 17 9 17 9 16 9 
16 9 16 9 16 9 16 10 
16 10 16 10 16 10 16 10 
16 10 16 10 16 10 16 10 
16 10 16 11 16 11 16 11 
16 11 16 11 16 11 16 11 
16 11 16 11 16 12 16 12 
15 12 15 12 15 12 15 12 
15 12 15 12 15 12 15 13 
15 13 15 13 15 13 15 13 
15 13 15 13 15 13 15 13 
15 14 15 14 15 14 15 14 
15 14 15 14 15 14 15 15 
15 15 15 15 15 15 15 15 
15 15 15 15 15 16 15 16 
15 16 15 16 14 16 14 16 
14 17 14 17 14 17 14 17 
14 17 14 17 14 18 14 18 
14 18 14 18 14 18 14 19 
14 19 14 19 14 19 14 19 
14 20 14 20 14 20 14 20 
14 21 14 21 14 21 14 21 
14 22 14 22 14 22 14 22 
14 23 14 23 14 23 14 24 
14 24 14 24 14 25 14 25 
14 25 14 26 14 26 14 26 
14 27 14 27 14 28 14 28 
14 29 14 29 14 30 15 30 
15 31 15 31 15 32 15 32 
15 33 15 34 15 34 15 35 
15 36 15 36 15 37 15 38 
15 39 15 40 16 41 16 42 
16 43 16 44 16 45 16 46 
16 47 17 49 17 50 17 51 
17 53 17 55 18 57 18 59 
18 61 18 63 19 65 19 68 
20 71 20 74 21 78 21 82 
22 86 22 91 23 96 24 102 
25 109 26 117 28 126 29 137 
31 149 34 165 36 184 40 208 
45 240 52 284 61 346 77 446 
105 627 171 1056 531 3390 -420 -2781 
-143 -983 -83 -595 -57 -426 -43 -332 
-33 -271 -27 -229 -22 -198 -19 -174 
-16 -156 -13 -141 -11 -128 -10 -117 
-9 -108 -7 -101 -6 -94 -5 -88 
-5 -83 -4 -78 -3 -74 -3 -70 
-2 -67 -2 -63 -1 -60 -1 -58 
-1 -55 0 -53 0 -51 0 -49 
0 -47 0 -46 0 -44 0 -43 
0 -41 0 -40 1 -39 1 -37 
1 -36 1 -35 1 -34 1 -33 
1 -32 1 -31 1 -31 2 -30 
2 -29 2 -28 2 -28 2 -27 
2 -26 2 -26 2 -25 2 -25 
2 -24 2 -23 2 -23 2 -22 
2 -22 2 -22 2 -21 2 -21 
3 -20 3 -20 3 -19 3 -19 
3 -19 3 -18 3 -18 3 -18 
3 -17 3 -17 3 -17 3 -16 
3 -16 3 -16 3 -16 3 -15 
3 -15 3 -15 3 -15 3 -14 
3 -14 3 -14 3 -14 3 -14 
3 -13 3 -13 3 -13 3 -13 
3 -13 3 -12 3 -12 3 -12 
3 -12 3 -12 3 -11 3 -11 
3 -11 3 -11 3 -11 3 -11 
3 -11 3 -10 3 -10 3 -10 
3 -10 3 -10 3 -10 3 -10 
3 -9 3 -9 3 -9 3 -9 
3 -9 3 -9 3 -9 3 -9 
3 -9 3 -8 3 -8 3 -8 
3 -8 3 -8 3 -8 3 -8 
3 -8 3 -8 3 -8 3 -7 
3 -7 3 -7 3 -7 2 -7 
2 -7 2 -7 2 -7 2 -7 
2 -7 2 -7 2 -7 2 -7 
2 -6 2 -6 2 -6 2 -6 
2 -6 2 -6 2 -6 2 -6 
2 -6 2 -6 2 -6 2 -6 
2 -6 2 -6 2 -6 2 -6 
2 -6 2 -6 2 -5 2 -5 
2 -5 2 -5 2 -5 2 -5 
2 -5 2 -5 2 -5 2 -5 
2 -5 2 -5 2 -5 2 -5 
2 -5 2 -5 2 -5 2 -5 
2 -5 2 -5 2 -5 2 -5 
2 -5 2 -5 2 -5 2 -5 
2 -5 2 -4 2 -4 1 -4 
1 -4 1 -4 1 -4 1 -4 
1 -4 1 -4 1 -4 1 -4 
1 -4 1 -4 1 -4 1 -4 
1 -4 1 -4 1 -4 1 -4 
1 -4 1 -4 1 -4 1 -4 
1 -4 1 -4 1 -4 1 -4 
1 -4 1 -4 1 -4 1 -4 
1 -4 1 -4 1 -4 1 -4 
1 -4 1 -4 1 -4 1 -4 
1 -4 1 -4 1 -4 1 -4 
1 -4 1 -4 1 -4 1 -4 
1 -4 1 -4 1 -4 1 -4 
0 -4 0 -4 0 -4 0 -4 
0 -4 0 -4 0 -4 0 -4 
0 -4 0 -4 0 -4 0 -4 
0 -4 0 -4 0 -4 0 -4 
0 -4 0 -4 0 -4 0 -4 
0 -4 0 -4 0 -4 0 -4 
0 -4 0 -4 0 -4 0 -4 
0 -4 0 -5 0 -5 0 -5 
0 -5 0 -5 0 -5 0 -5 
0 -5 0 -5 0 -5 0 -5 
0 -5 0 -5 0 -5 0 -5 
0 -5 0 -5 0 -5 0 -5 
0 -5 0 -5 0 -5 0 -5 
0 -5 0 -5 0 -6 0 -6 
0 -6 0 -6 0 -6 0 -6 
0 -6 0 -6 0 -6 0 -6 
0 -6 0 -6 0 -6 0 -6 
0 -6 0 -6 0 -7 0 -7 
0 -7 0 -7 0 -7 0 -7 
0 -7 0 -7 0 -7 0 -7 
0 -7 0 -7 0 -8 0 -8 
0 -8 0 -8 0 -8 0 -8 
0 -8 0 -8 0 -8 0 -9 
0 -9 0 -9 0 -9 0 -9 
0 -9 0 -9 0 -9 0 -10 
0 -10 0 -10 0 -10 0 -10 
0 -10 0 -10 0 -11 0 -11 
0 -11 0 -11 0 -11 0 -12 
0 -12 0 -12 0 -12 0 -12 
0 -13 0 -13 0 -13 0 -13 
0 -13 0 -14 0 -14 0 -14 
0 -15 0 -15 0 -15 0 -15 
0 -16 0 -16 0 -16 0 -17 
0 -17 0 -17 0 -18 0 -18 
0 -18 0 -19 0 -19 0 -20 
0 -20 0 -21 0 -21 0 -22 
0 -22 0 -23 0 -23 0 -24 
0 -24 0 -25 0 -26 0 -26 
0 -27 0 -28 0 -29 0 -29 
0 -30 0 -31 0 -32 1 -33 
1 -34 1 -35 1 -36 1 -38 
1 -39 1 -40 2 -42 2 -43 
2 -45 2 -47 3 -49 3 -51 
3 -53 4 -56 4 -58 4 -61 
5 -64 5 -68 6 -71 6 -76 
7 -80 8 -86 9 -92 10 -98 
11 -106 12 -115 14 -126 16 -138 
18 -153 21 -172 25 -196 29 -227 
36 -269 45 -329 60 -424 86 -593 
145 -980 423 -2778 -528 3392 -168 1059 
-102 629 -74 449 -59 349 -49 286 
-43 243 -38 211 -34 187 -31 168 
-29 152 -27 139 -25 129 -24 120 
-23 112 -22 105 -21 99 -20 93 
-19 89 -19 84 -18 81 -18 77 
-17 74 -17 71 -17 68 -16 66 
-16 64 -16 62 -15 60 -15 58 
-15 56 -15 55 -15 53 -14 52 
-14 50 -14 49 -14 48 -14 47 
-14 46 -14 45 -13 44 -13 43 
-13 42 -13 41 -13 40 -13 40 
-13 39 -13 38 -13 37 -13 37 
-13 36 -13 36 -13 35 -13 35 
-13 34 -12 34 -12 33 -12 33 
-12 32 -12 32 -12 31 -12 31 
-12 30 -12 30 -12 30 -12 29 
-12 29 -12 29 -12 28 -12 28 
-12 28 -12 27 -12 27 -12 27 
-12 26 -12 26 -12 26 -12 26 
-12 25 -12 25 -12 25 -12 25 
-12 24 -12 24 -12 24 -12 24 
-12 24 -12 23 -12 23 -12 23 
-12 23 -12 23 -13 22 -13 22 
-13 22 -13 22 -13 22 -13 21 
-13 21 -13 21 -13 21 -13 21 
-13 21 -13 21 -13 20 -13 20 
-13 20 -13 20 -13 20 -13 20 
-13 20 -13 19 -13 19 -13 19 
-13 19 -13 19 -13 19 -13 19 
-13 19 -13 18 -13 18 -13 18 
-13 18 -13 18 -14 18 -14 18 
-14 18 -14 18 -14 17 -14 17 
-14 17 -14 17 -14 17 -14 17 
-14 17 -14 17 -14 17 -14 17 
-14 16 -14 16 -14 16 -14 16 
-14 16 -14 16 -14 16 -14 16 
-15 16 -15 16 -15 16 -15 16 
-15 15 -15 15 -15 15 -15 15 
-15 15 -15 15 -15 15 -15 15 
-15 15 -15 15 -15 15 -15 15 
-15 15 -15 14 -15 14 -16 14 
-16 14 -16 14 -16 14 -16 14 
-16 14 -16 14 -16 14 -16 14 
-16 14 -16 14 -16 14 -16 13 
-16 13 -16 13 -16 13 -16 13 
-17 13 -17 13 -17 13 -17 13 
-17 13 -17 13 -17 13 -17 13 
-17 13 -17 13 -17 12 -17 12 
-17 12 -17 12 -17 12 -18 12 
-18 12 -18 12 -18 12 -18 12 
-18 12 -18 12 -18 12 -18 12 
-18 12 -18 12 -18 11 -18 11 
-18 11 -19 11 -19 11 -19 11 
-19 11 -19 11 -19 11 -19 11 
-19 11 -19 11 -19 11 -19 11 
-19 11 -19 11 -20 11 -20 10 
-20 10 -20 10 -20 10 -20 10 
-20 10 -20 10 -20 10 -20 10 
-20 10 -21 10 -21 10 -21 10 
-21 10 -21 10 -21 9 -21 9 
-21 9 -21 9 -21 9 -21 9 
-22 9 -22 9 -22 9 -22 9 
-22 9 -22 9 -22 9 -22 9 
-22 9 -22 9 -23 8 -23 8 
-23 8 -23 8 -23 8 -23 8 
-23 8 -23 8 -23 8 -23 8 
-24 8 -24 8 -24 8 -24 8 
-24 7 -24 7 -24 7 -24 7 
-24 7 -25 7 -25 7 -25 7 
-25 7 -25 7 -25 7 -25 7 
-25 7 -26 6 -26 6 -26 6 
-26 6 -26 6 -26 6 -26 6 
-26 6 -27 6 -27 6 -27 6 
-27 6 -27 5 -27 5 -27 5 
-28 5 -28 5 -28 5 -28 5 
-28 5 -28 5 -28 5 -29 5 
-29 4 -29 4 -29 4 -29 4 
-29 4 -29 4 -30 4 -30 4 
-30 4 -30 4 -30 3 -30 3 
-31 3 -31 3 -31 3 -31 3 
-31 3 -31 3 -32 3 -32 2 
-32 2 -32 2 -32 2 -33 2 
-33 2 -33 2 -33 2 -33 1 
-33 1 -34 1 -34 1 -34 1 
-34 1 -34 1 -35 0 -35 0 
-35 0 -35 0 -36 0 -36 0 
-36 0 -36 0 -36 0 -37 0 
-37 0 -37 0 -37 0 -38 -1 
-38 -1 -38 -1 -38 -1 -39 -1 
-39 -1 -39 -2 -39 -2 -40 -2 
-40 -2 -40 -2 -41 -3 -41 -3 
-41 -3 -41 -3 -42 -3 -42 -4 
-42 -4 -43 -4 -43 -4 -43 -5 
-44 -5 -44 -5 -44 -5 -45 -6 
-45 -6 -45 -6 -46 -6 -46 -7 
-46 -7 -47 -7 -47 -8 -48 -8 
-48 -8 -48 -9 -49 -9 -49 -9 
-50 -10 -50 -10 -51 -11 -51 -11 
-52 -11 -52 -12 -53 -12 -53 -13 
-54 -13 -54 -14 -55 -14 -55 -15 
-56 -15 -57 -16 -57 -16 -58 -17 
-59 -18 -59 -18 -60 -19 -61 -20 
-62 -21 -63 -22 -63 -23 -64 -24 
-65 -25 -67 -26 -68 -27 -69 -28 
-70 -30 -72 -32 -73 -34 -75 -36 
-77 -38 -80 -41 -82 -44 -85 -48 
-89 -53 -94 -59 -100 -67 -108 -77 
-119 -93 -137 -117 -171 -162 -255 -277 
-894 -1152 289 469 80 183 25 108 
0 74 -15 54 -25 41 -32 31 
-38 24 -42 18 -46 14 -49 10 
-52 7 -54 4 -57 1 -59 0 
-61 -2 -63 -4 -64 -6 -66 -8 
-68 -10 -70 -11 -71 -13 -73 -14 
-74 -16 -76 -17 -78 -19 -79 -20 
-81 -21 -82 -23 -84 -24 -86 -26 
-87 -27 -89 -28 -91 -30 -93 -31 
-94 -33 -96 -34 -98 -36 -100 -38 
-102 -39 -104 -41 -106 -43 -109 -45 
-111 -46 -113 -48 -116 -50 -118 -52 
-121 -55 -124 -57 -127 -59 -130 -62 
-133 -64 -136 -67 -140 -70 -143 -73 
-147 -76 -151 -79 -155 -82 -160 -86 
-164 -90 -169 -94 -175 -98 -180 -103 
-186 -108 -193 -113 -200 -119 -207 -125 
-215 -131 -224 -138 -233 -146 -243 -155 
-254 -164 -266 -174 -280 -185 -295 -198 
-311 -211 -330 -227 -351 -245 -375 -265 
-402 -288 -434 -315 -472 -347 -517 -385 
-572 -431 -640 -489 -727 -562 -841 -660 
-1000 -794 -1233 -993 -1611 -1314 -2329 -1925 
-4220 -3533 -22954 -19475 6621 5692 2883 2511 
1838 1623 1346 1205 1061 962 874 803 
742 692 644 609 568 545 508 494 
459 453 418 418 384 389 354 365 
329 343 307 325 287 309 269 294 
254 281 240 270 227 259 215 250 
204 242 195 234 186 227 177 220 
170 214 162 209 156 204 149 199 
143 194 138 190 132 187 127 183 
123 180 118 177 114 174 110 171 
106 169 102 167 99 165 95 163 
92 161 89 159 85 158 82 156 
80 155 77 154 74 153 71 152 
69 151 66 150 64 150 61 149 
59 149 56 149 54 148 51 148 
49 148 47 149 44 149 42 150 
40 150 37 151 35 152 32 153 
30 154 27 156 25 158 22 160 
19 162 16 165 13 168 9 172 
6 176 2 180 -1 186 -6 192 
-11 199 -16 207 -23 217 -30 229 
-38 243 -48 261 -61 283 -76 311 
-97 349 -125 401 -166 479 -232 608 
-359 856 -706 1537 -5683 11331 1042 -1909 
497 -839 334 -520 256 -367 209 -278 
178 -219 156 -177 139 -146 126 -122 
116 -104 107 -88 100 -76 93 -65 
88 -56 83 -48 79 -41 75 -35 
71 -30 68 -26 65 -21 62 -18 
60 -14 57 -11 55 -9 53 -6 
51 -4 49 -2 47 0 45 1 
44 3 42 4 41 5 39 7 
38 8 36 9 35 10 34 11 
32 12 31 13 30 14 28 14 
27 15 26 16 25 16 24 17 
23 17 21 18 20 18 19 19 
18 19 17 20 16 20 15 20 
14 21 12 21 11 21 10 22 
9 22 8 22 7 22 6 23 
5 23 3 23 2 23 1 23 
0 23 0 23 -2 24 -3 24 
-4 24 -5 24 -7 24 -8 24 
-9 24 -11 24 -12 24 -14 24 
-15 24 -17 24 -18 24 -20 24 
-21 24 -23 24 -25 24 -27 24 
-28 23 -30 23 -32 23 -34 23 
-36 23 -39 23 -41 23 -43 22 
-46 22 -48 22 -51 22 -54 22 
-57 21 -60 21 -63 21 -66 20 
-70 20 -73 20 -77 19 -81 19 
-86 18 -90 18 -95 17 -101 17 
-106 16 -112 15 -119 15 -125 14 
-133 13 -141 12 -150 11 -159 10 
-170 9 -181 8 -194 6 -208 4 
-223 3 -241 1 -261 -1 -283 -3 
-309 -7 -339 -10 -375 -14 -417 -19 
-467 -25 -530 -33 -610 -42 -714 -54 
-856 -71 -1060 -95 -1380 -133 -1953 -201 
-3271 -356 -9496 -1091 11193 1350 3592 453 
2164 284 1561 213 1229 174 1018 149 
873 132 767 119 686 109 622 102 
571 96 529 91 493 86 463 83 
438 79 415 77 396 74 379 72 
363 70 350 69 338 67 327 66 
317 64 308 63 300 62 293 61 
286 60 280 59 275 58 270 58 
265 57 261 56 257 55 254 55 
250 54 248 54 245 53 243 52 
241 52 239 51 237 51 236 50 
235 50 234 49 233 49 233 49 
