0 0 4701 14631 8259 14456 9887 10927 
9392 -6446 7235 -15778 4374 -12663 1961 -6426 
965 10922 1868 14904 4506 10855 8118 2398 
11587 -13875 13792 -13955 13963 -9556 11926 2087 
8161 16603 3653 13185 -413 7150 -3028 -7912 
-3667 -18467 -2450 -11038 -100 -2686 2294 13585 
3633 17686 3152 7148 681 -2341 -3303 -16902 
-7819 -14382 -11682 -3299 -13880 6230 -13885 17873 
-11819 10670 -8411 685 -4767 -9503 -2019 -18070 
-965 -7577 -1822 1880 -4154 13429 -7021 17589 
-9273 3925 -9922 -5743 -8463 -17195 -5035 -14844 
-384 1010 4360 9914 8043 18616 9837 9552 
9500 -5678 7444 -12502 4597 -17285 2109 -3786 
977 8415 1729 13627 4251 14893 7824 -773 
11348 -9940 13686 -14851 14031 -12261 12158 4836 
8498 11941 4006 16137 -135 8162 -2891 -9462 
-3690 -14112 -2599 -15553 -302 -1923 2132 13564 
3587 14635 3264 12295 939 -4665 -2956 -15258 
-7473 -13250 -11429 -7971 -13784 9482 -13966 14806 
-12042 11661 -8703 4011 -5034 -12735 -2181 -14137 
-978 -10600 -1692 365 -3937 15768 -6803 13719 
-9143 8550 -9945 -6191 -8655 -18136 -5361 -12032 
-768 -4346 4012 12188 7815 17998 9775 8470 
9598 -714 7648 -16050 4823 -15190 2266 -4684 
1001 4805 1600 17512 4003 11727 7530 2049 
11100 -8237 13567 -18103 14086 -8834 12379 442 
8830 12342 4362 18105 150 5450 -2742 -4273 
-3700 -16528 -2741 -15952 -502 -663 1963 8670 
3530 18581 3363 11097 1188 -4151 -2613 -11676 
-7123 -17808 -11165 -5447 -13674 7187 -14033 13156 
-12257 15780 -8992 848 -5307 -8925 -2353 -14649 
-1002 -13486 -1571 3217 -3725 11093 -6582 16332 
-9004 9795 -9954 -7917 -8834 -13608 -5679 -16318 
-1151 -3827 3658 12363 7575 14648 9698 13551 
9685 -2836 7847 -14583 5050 -13694 2431 -9455 
1036 7953 1483 14561 3761 12350 7237 5596 
10846 -11485 13436 -14173 14126 -11537 12588 -1361 
9156 14792 4719 14098 445 9863 -2581 -4409 
-3699 -17627 -2874 -12883 -701 -5972 1788 10665 
3461 18127 3449 9696 1426 940 -2275 -15041 
-6771 -15845 -10891 -6021 -13551 3316 -14086 16991 
-12462 12665 -9279 3393 -5583 -6882 -2535 -17971 
-1039 -9990 -1461 -997 -3516 11130 -6359 18447 
-8856 6899 -9950 -2752 -9000 -15692 -5988 -16899 
-1532 -2317 3298 7321 7323 18359 9609 12530 
9760 -2584 8040 -10713 5278 -18165 2604 -7053 
1084 5887 1377 12545 3527 16526 6944 2452 
10586 -7821 13293 -14299 14152 -14586 12786 1584 
9476 10128 5076 16360 747 11331 -2407 -6307 
-3685 -12950 -2999 -16919 -898 -5693 1608 11041 
3383 14493 3523 14682 1654 -977 -1942 -13760 
-6416 -13991 -10609 -10863 -13414 6350 -14126 14169 
-12657 12913 -9562 7139 -5864 -10137 -2727 -14064 
-1087 -12356 -1361 -3078 -3313 13684 -6133 14322 
-8699 11075 -9934 -2582 -9153 -16947 -6288 -13585 
-1911 -7546 2934 9033 7061 18072 9505 10811 
9823 2603 8226 -13882 5507 -16341 2784 -7296 
1143 1776 1283 16313 3302 13474 6652 4702 
10319 -5453 13138 -17677 14164 -11033 12971 -2426 
9789 9806 5435 18612 1057 8259 -2222 -1197 
-3659 -14696 -3114 -17675 -1092 -3932 1424 5880 
3293 17953 3583 13837 1871 -994 -1614 -9624 
-6059 -18351 -10317 -8589 -13264 4527 -14152 11798 
-12842 17126 -9842 4024 -6149 -6640 -2929 -13804 
-1148 -15551 -1272 -45 -3115 9057 -5906 16222 
-8533 12753 -9904 -4651 -9293 -12146 -6579 -17348 
-2287 -7501 2564 9614 6788 14172 9389 15674 
9874 893 8405 -12797 5736 -14135 2972 -12181 
1213 4688 1201 13636 3085 13344 6363 8625 
10047 -8703 12972 -13812 14162 -13049 13144 -4767 
10095 12456 5793 14388 1374 12174 -2025 -729 
-3620 -16104 -3221 -14129 -1284 -9051 1235 7308 
3194 17834 3632 11803 2077 4259 -1292 -12586 
-5702 -16672 -10017 -8493 -13101 201 -14164 15485 
-13016 14148 -10117 5963 -6437 -3962 -3139 -17223 
-1221 -11956 -1194 -3829 -2923 8382 -5677 18600 
-8360 9516 -9862 373 -9420 -13549 -6859 -18274 
-2659 -5491 2191 4363 6505 17366 9259 15004 
9913 599 8576 -8418 5964 -18363 3165 -10040 
1294 3121 1132 10924 2876 17572 6076 5549 
9771 -5394 12795 -13168 14147 -16373 13304 -1657 
10392 7894 6151 15917 1697 14050 -1817 -2966 
-3569 -11205 -3317 -17600 -1471 -9233 1043 8097 
3086 13687 3667 16516 2271 2757 -977 -11705 
-5343 -14123 -9710 -13394 -12925 2982 -14163 12966 
-13179 13638 -10388 10040 -6727 -7196 -3359 -13420 
-1306 -13609 -1126 -6414 -2738 11121 -5448 14297 
-8179 13147 -9808 1131 -9533 -15108 -7129 -14510 
-3027 -10469 1815 5506 6212 17417 9115 12660 
9939 5889 8740 -11163 6191 -16837 3364 -9602 
1386 -1394 1074 14513 2677 14680 5792 7163 
9490 -2424 12608 -16615 14117 -12750 13450 -5190 
10682 6873 6507 18412 2026 10658 -1597 1942 
-3505 -12263 -3404 -18690 -1654 -6977 848 2787 
2967 16602 3690 16020 2453 2182 -669 -7107 
-4985 -18199 -9395 -11392 -12737 1684 -14147 9927 
-13331 17859 -10653 7013 -7018 -4096 -3587 -12398 
-1403 -17044 -1071 -3235 -2559 6649 -5220 15451 
-7991 15209 -9742 -1270 -9633 -10139 -7389 -17672 
-3391 -10872 1435 6506 5910 13044 8959 17198 
9953 4596 8895 -10495 6416 -13956 3569 -14490 
1488 1248 1028 12167 2487 13792 5512 11371 
9206 -5631 12410 -12893 14074 -14030 13584 -8002 
10962 9694 6861 14053 2361 13984 -1367 2981 
-3428 -13970 -3480 -14725 -1833 -11786 650 3646 
2841 16825 3701 13374 2623 7475 -368 -9628 
-4627 -16832 -9073 -10608 -12536 -2994 -14117 13406 
-13471 15065 -10912 8290 -7312 -851 -3822 -15858 
-1512 -13408 -1026 -6495 -2388 5293 -4992 18052 
-7797 11674 -9664 3494 -9719 -10850 -7637 -18920 
-3749 -8375 1054 1168 5598 15668 8790 16875 
9953 3736 9041 -5704 6639 -17860 3779 -12631 
1601 230 995 8819 2308 17985 5237 8402 
8918 -2759 12203 -11500 14017 -17559 13704 -4765 
11233 5338 7213 14826 2701 16219 -1125 419 
-3339 -8958 -3545 -17563 -2006 -12403 451 4859 
2705 12249 3699 17711 2782 6392 -76 -9181 
-4271 -13632 -8746 -15457 -12324 -497 -14073 11247 
-13599 13801 -11164 12605 -7606 -4023 -4065 -12238 
-1632 -14309 -994 -9517 -2225 8188 -4765 13657 
-7596 14677 -9574 4801 -9792 -12703 -7874 -14772 
-4102 -12987 670 1746 5278 16066 8607 13936 
9940 9002 9177 -7994 6859 -16658 3993 -11501 
1724 -4584 973 12173 2138 15301 4966 9333 
8628 739 11986 -14961 13946 -13925 13810 -7732 
11495 3658 7562 17524 3045 12555 -874 5012 
-3237 -9326 -3600 -18963 -2174 -9670 250 -474 
2562 14574 3685 17560 2928 5243 207 -4224 
-3916 -17347 -8412 -13745 -12100 -1224 -14015 7608 
-13714 17947 -11410 9703 -7900 -1396 -4316 -10483 
-1763 -17913 -973 -6231 -2071 3974 -4540 14050 
-7391 17071 -9474 2086 -9851 -7677 -8099 -17272 
-4448 -13808 286 3174 4950 11311 8412 18050 
9915 8125 9304 -7775 7076 -13156 4210 -16284 
1856 -2237 964 10215 1980 13667 4700 13730 
8336 -2386 11761 -11461 13863 -14441 13903 -10945 
11746 6618 7907 13117 3392 15218 -613 6575 
-3122 -11321 -3643 -14652 -2335 -14058 49 -173 
2411 15147 3659 14339 3061 10451 482 -6277 
-3564 -16317 -8074 -12270 -11864 -6146 -13943 10827 
-13817 15386 -11647 10279 -8193 2335 -4572 -13931 
-1906 -14298 -964 -8888 -1924 1984 -4318 16835 
-7180 13292 -9362 6477 -9897 -7706 -8313 -18819 
-4787 -10848 -98 -2123 4614 13328 8205 18069 
9875 6688 9421 -2682 7289 -16664 4431 -14724 
1998 -2664 967 6306 1832 17745 4440 10906 
8043 -22 11527 -9356 13766 -18104 13982 -7621 
11986 2572 8248 13130 3743 17758 -342 3711 
-2994 -6310 -3674 -16804 -2489 -15075 -152 1469 
2253 10240 3622 18208 3182 9780 748 -6293 
-3214 -12529 -7731 -16962 -11618 -3956 -13857 9082 
-13907 13388 -11877 14735 -8486 -735 -4835 -10571 
-2059 -14426 -967 -12272 -1787 5002 -4098 12439 
-6966 15601 -9240 8283 -9929 -9839 -8514 -14366 
-5119 -14986 -483 -2094 4271 14079 7986 14578 
9823 11808 9526 -4494 7497 -15812 4655 -12908 
2149 -7666 982 9378 1695 15318 4187 11120 
7749 3920 11285 -12779 13657 -14523 14046 -9950 
12216 287 8583 15992 4097 13880 -63 7876 
-2854 -6005 -3694 -18491 -2636 -11897 -353 -3761 
2089 11945 3573 18396 3290 8054 1004 -1093 
-2868 -15817 -7384 -15557 -11362 -4076 -13757 4925 
-13984 17380 -12098 11998 -8777 1348 -5104 -8129 
-2224 -18131 -983 -8921 -1660 1147 -3883 12075 
-6747 18274 -9109 5280 -9949 -4873 -8702 -16161 
-5443 -16191 -866 -237 3922 9046 7754 18184 
9756 11339 9621 -4751 7700 -11758 4881 -17482 
2308 -5637 1009 7859 1569 12967 3940 15610 
7455 913 11036 -9579 13535 -14263 14097 -13486 
12434 3353 8914 11632 4453 15823 225 9910 
-2702 -8273 -3701 -13918 -2776 -15763 -553 -3996 
1918 12874 3513 14652 3386 13056 1250 -2663 
-2526 -15150 -7033 -13405 -11096 -9129 -13644 7840 
-14048 15099 -12310 11847 -9066 5479 -5377 -11515 
-2398 -14601 -1010 -10908 -1542 -1417 -3671 15005 
-6525 14313 -8967 9192 -9955 -4241 -8878 -17983 
-5759 -12805 -1249 -5369 3567 10436 7512 18539 
9677 9327 9705 525 7897 -14813 5108 -16237 
2475 -5443 1047 3478 1455 16855 3701 12970 
7161 2703 10780 -6815 13401 -17992 14134 -10120 
12640 -285 9239 10896 4810 18615 521 6775 
-2538 -3381 -3697 -15350 -2907 -17145 -752 -1927 
1742 7744 3442 17976 3469 12786 1486 -3165 
-2189 -10851 -6680 -17839 -10820 -7264 -13517 6558 
-14098 12406 -12512 16347 -9352 2546 -5655 -8493 
-2583 -13954 -1050 -14576 -1435 1690 -3464 10704 
-6301 15880 -8817 11441 -9947 -6640 -9041 -13314 
-6066 -16378 -1630 -5860 3206 11544 7257 14557 
9584 14183 9777 -800 8088 -14335 5337 -13756 
2650 -10517 1098 6227 1352 14731 3469 12451 
6869 6997 10518 -10151 13255 -14531 14157 -11753 
12834 -3111 9557 13884 5168 14590 826 10412 
-2361 -2433 -3680 -17301 -3029 -13565 -948 -6930 
1561 8818 3361 18496 3539 10493 1711 2157 
-1857 -13660 -6325 -16756 -10535 -6752 -13377 1979 
-14134 16173 -12705 13812 -9634 4029 -5937 -5424 
-2778 -17691 -1102 -11208 -1337 -1711 -3262 9605 
-6075 18779 -8657 8183 -9927 -1851 -9190 -14380 
-6363 -17929 -2008 -3582 2840 6347 6992 17586 
9477 14107 9837 -1553 8272 -9814 5565 -18026 
2832 -8821 1159 5194 1261 11711 3245 16938 
6578 4146 10250 -7326 13097 -13501 14165 -15532 
13016 27 9868 9667 5527 15773 1137 12859 
-2173 -4958 -3650 -12561 -3142 -16824 -1142 -7668 
1376 10105 3269 14296 3597 15174 1925 1074 
-1531 -13378 -5968 -13956 -10241 -11819 -13223 4554 
-14157 14219 -12887 12926 -9913 8461 -6222 -8700 
-2982 -14315 -1166 -12475 -1251 -4780 -3065 12642 
-5847 14707 -8490 11523 -9895 -597 -9327 -16454 
-6651 -14168 -2383 -8426 2469 7105 6717 18268 
9357 11538 9885 3784 8449 -12370 5794 -17109 
3020 -7988 1232 441 1182 15341 3030 14519 
6289 5310 9977 -3971 12928 -17230 14160 -12174 
13186 -3115 10172 8214 5885 18764 1456 9489 
-1973 -300 -3608 -13260 -3246 -18534 -1332 -5184 
1186 4870 3167 17015 3642 15289 2127 68 
-1211 -8660 -5610 -18041 -9939 -10293 -13057 3779 
-14165 10887 -13059 17377 -10187 5700 -6510 -6090 
-3195 -12909 -1242 -16345 -1175 -1618 -2875 8533 
-5619 15502 -8314 14152 -9850 -3243 -9450 -11669 
-6929 -17096 -2754 -9401 2095 8572 6431 13871 
9223 16018 9921 2944 8619 -12288 6022 -14001 
3215 -13019 1316 2836 1116 13567 2824 13266 
6003 9855 9699 -7176 12748 -13957 14140 -13067 
13342 -6407 10467 11290 6242 14667 1781 12512 
-1762 1247 -3554 -15452 -3340 -14608 -1518 -9840 
993 5316 3056 17858 3674 12451 2318 5390 
-898 -10953 -5252 -17293 -9630 -9138 -12878 -1118 
-14160 14366 -13219 15082 -10456 6535 -6801 -2469 
-3416 -16614 -1330 -13011 -1111 -4482 -2691 6737 
-5390 18573 -8131 10681 -9792 1254 -9560 -12001 
-7197 -18956 -3121 -6717 1718 3330 6136 16269 
9077 16319 9944 1683 8780 -7398 6249 -17882 
3416 -11666 1411 2329 1061 9941 2628 17659 
5720 7193 9418 -4797 12558 -12183 14107 -17008 
13486 -3232 10754 7314 6598 15071 2112 15307 
-1539 -1514 -3487 -10648 -3424 -17191 -1701 -11042 
797 6962 2936 13286 3694 16706 2498 4788 
-591 -11076 -4893 -13892 -9313 -14104 -12686 1090 
-14140 12783 -13368 13468 -10720 11168 -7093 -5592 
-3646 -13461 -1430 -13524 -1058 -7977 -2515 9844 
-5161 14470 -7942 13369 -9723 3081 -9656 -14304 
-7453 -14881 -3483 -11157 1338 3467 5831 17271 
8917 13221 9954 6956 8933 -9423 6473 -17306 
3622 -10189 1516 -2685 1018 13255 2441 15497 
5441 7691 9132 -931 12358 -15849 14060 -13712 
13616 -5799 11032 5189 6951 18208 2448 11748 
-1306 2796 -3407 -10615 -3498 -19191 -1878 -8164 
599 1744 2807 15354 3701 17188 2665 3272 
-293 -6043 -4536 -17549 -8990 -12926 -12483 858 
-14107 8882 -13505 17780 -10977 8612 -7387 -3460 
-3884 -11329 -1541 -17516 -1017 -4798 -2346 6023 
-4934 14482 -7746 16314 -9642 211 -9739 -9509 
-7699 -17107 -3840 -12574 956 5292 5517 12547 
8744 17228 9951 6590 9077 -9755 6696 -13626 
3833 -15064 1632 -667 988 11873 2263 13528 
5167 12385 8844 -3964 12148 -12834 14000 -13841 
13732 -9475 11301 8317 7302 14120 2788 14085 
-1062 4888 -3314 -13025 -3560 -14987 -2050 -12361 
400 1579 2669 16514 3697 13842 2820 8466 
-3 -7794 -4180 -17147 -8661 -11130 -12267 -4244 
-14059 12019 -13629 15761 -11228 8766 -7681 626 
-4129 -14942 -1664 -14270 -987 -7051 -2185 3585 
-4707 17674 -7544 12680 -9550 4307 -9808 -9118 
-7933 -19237 -4191 -9510 572 129 5195 14279 
8559 17885 9935 4818 9211 -4607 6915 -17044 
4048 -14061 1757 -618 970 7720 2097 17739 
4897 9943 8554 -2094 11929 -10356 13926 -17864 
13835 -6303 11560 4675 7650 13743 3133 17163 
-808 1915 -3208 -8266 -3612 -16843 -2216 -13982 
199 3580 2524 11663 3680 17579 2963 8331 
278 -8340 -3826 -13207 -8326 -15886 -12041 -2421 
-13998 10848 -13742 13445 -11471 13495 -7975 -2307 
-4381 -12081 -1799 -14014 -969 -10887 -2032 6725 
-4483 13622 -7337 14653 -9446 6648 -9864 -11628 
-8155 -14923 -4535 -13440 187 -330 4865 15594 
8361 14304 9906 9903 9335 -6082 7131 -16819 
4266 -11950 1892 -5780 964 10669 1941 15871 
4633 9748 8261 2190 11701 -13903 13839 -14683 
13924 -8226 11808 1941 7994 16977 3482 13469 
-545 5772 -3090 -7524 -3652 -19095 -2375 -10741 
-2 -1497 2371 13054 3651 18406 3093 6306 
551 -3105 -3474 -16370 -7986 -15060 -11803 -2085 
-13922 6465 -13841 17534 -11707 11175 -8268 -712 
-4639 -9273 -1944 -18048 -964 -7731 -1889 3285 
-4261 12861 -7126 17847 -9332 3581 -9907 -6932 
-8365 -16403 -4873 -15252 -196 1845 4527 10642 
8150 17752 9863 9993 9449 -6844 7342 -12638 
4488 -16562 2036 -4153 970 9718 1795 13218 
4375 14488 7968 -634 11466 -11212 13739 -14041 
14000 -12199 12046 5084 8334 12984 3834 15066 
-272 8345 -2960 -10129 -3680 -14692 -2528 -14381 
-203 -2242 2212 14522 3611 14604 3211 11251 
814 -4303 -3125 -16325 -7642 -12640 -11554 -7276 
-13833 9216 -13928 15827 -11934 10629 -8560 3745 
-4903 -12740 -2100 -14946 -970 -9312 -1754 272 
-4043 16126 -6910 14108 -9208 7175 -9936 -5849 
-8563 -18767 -5202 -11844 -581 -3116 4183 11690 
7928 18743 9807 7718 9552 -1553 7549 -15533 
4713 -15913 2189 -3526 988 5129 1661 17168 
4123 12297 7674 671 11222 -8091 13627 -18068 
14061 -9070 12272 1867 8669 11845 4188 18360 
9 5191 -2817 -5524 -3697 -15791 -2673 -16371 
-404 104 2046 9497 3559 17745 3316 11560 
1068 -5284 -2780 -11924 -7294 -17083 -11295 -5849 
-13730 8494 -14002 12850 -12153 15352 -8851 1036 
-5173 -10236 -2267 -13922 -989 -13400 -1629 3409 
-3828 12212 -6691 15320 -9073 9961 -9951 -8542 
-8748 -14297 -5524 -15174 -964 -4136 3832 13309 
7693 14737 9737 12495 9644 -2475 7751 -15669 
4939 -13192 2350 -8717 1018 7674 1539 15629 
3878 11398 7380 5276 10971 -11464 13502 -15060 
14108 -10297 12488 -1404 8998 15128 4544 14592 
300 8500 -2661 -4110 -3701 -18257 -2810 -12808 
-604 -4710 1874 10202 3496 18895 3409 9039 
1311 31 -2440 -14539 -6943 -16610 -11026 -4928 
-13613 3725 -14062 16642 -12363 13297 -9139 2044 
-5448 -6819 -2445 -17923 -1019 -10309 -1514 436 
-3617 10704 -6468 18698 -8930 6731 -9954 -4057 
-8921 -15012 -5838 -17328 -1347 -1622 3475 8240 
7448 17556 9654 13015 9725 -3676 7946 -11071 
5167 -17442 2519 -7490 1059 7189 1427 12343 
3641 16081 7087 2691 10714 -9163 13364 -13659 
14141 -14478 12691 1717 9321 11317 4902 15413 
598 11482 -2494 -6886 -3694 -13744 -2939 -15808 
-802 -5994 1696 11969 3422 14703 3488 13621 
1544 -616 -2104 -14859 -6590 -13599 -10748 -10088 
-13483 6056 -14108 15280 -12563 12047 -9424 6769 
-5727 -10088 -2632 -15024 -1062 -11173 -1409 -3072 
-3411 13995 -6243 14917 -8777 9733 -9944 -2325 
-9080 -17572 -6143 -13624 -1727 -6261 3112 8603 
7191 18859 9558 10256 9794 1633 8136 -13398 
5395 -17147 2696 -6274 1112 2267 1328 15961 
3411 14168 6794 3390 10450 -5470 13215 -17616 
14160 -11436 12882 -992 9637 9452 5260 18858 
905 8184 -2314 -2547 -3673 -14074 -3059 -18115 
-998 -3317 1514 6884 3338 17186 3555 14345 
1766 -2037 -1773 -10088 -6234 -17635 -10460 -9062 
-13339 5815 -14141 11701 -12753 16665 -9706 4315 
-6010 -8004 -2829 -13253 -1117 -15423 -1314 25 
-3211 10308 -6017 15343 -8615 12892 -9920 -5177 
-9227 -13040 -6438 -16277 -2104 -7796 2745 10516 
6923 14501 9447 14616 9851 1256 8318 -13903 
5624 -13856 2879 -11375 1177 4378 1240 14783 
3190 12570 6504 8209 10181 -8625 13055 -14840 
14165 -11930 13061 -4717 9946 12739 5618 15082 
1218 10861 -2123 -512 -3641 -16719 -3170 -14284 
-1191 -7752 1328 6910 3244 18637 3610 11355 
1978 3234 -1449 -12119 -5876 -17515 -10165 -7551 
-13182 768 -14160 15129 -12932 14900 -9983 4697 
-6296 -4058 -3035 -17149 -1184 -12441 -1231 -2403 
-3016 8099 -5789 18839 -8445 9536 -9884 -1011 
-9360 -12986 -6723 -18723 -2478 -4962 2374 5445 
6645 16637 9324 15535 9896 -385 8494 -8984 
5852 -17657 3070 -10549 1253 4387 1164 10930 
2977 17098 6216 5893 9906 -6772 12883 -12708 
14156 -16227 13227 -1651 10248 9198 5976 15111 
1538 14177 -1920 -3433 -3596 -12192 -3271 -16575 
-1380 -9524 1137 8966 3140 14133 3651 15467 
2177 3124 -1130 -12810 -5518 -13960 -9861 -12564 
-13012 2655 -14165 14144 -13101 12960 -10256 9582 
-6585 -7087 -3250 -14510 -1263 -12560 -1158 -6321 
-2827 11372 -5560 15087 -8268 11872 -9836 1310 
-9479 -15708 -6999 -14780 -2848 -9167 1999 5139 
6356 18230 9187 12323 9928 4818 8661 -10713 
6080 -17714 3266 -8745 1339 -756 1101 14155 
2773 15489 5930 5951 9628 -2594 12701 -16527 
14133 -13316 13380 -3782 10541 6659 6333 18644 
1865 10776 -1706 533 -3538 -11760 -3363 -19146 
-1565 -6541 943 3938 3026 15915 3680 16574 
2365 1261 -819 -7771 -5160 -17508 -9550 -11937 
-12830 2919 -14156 10037 -13258 17377 -10524 7410 
-6876 -5478 -3474 -12030 -1354 -16882 -1096 -3297 
-2646 7999 -5331 14720 -8084 15325 -9776 -1673 
-9586 -11212 -7263 -16699 -3214 -11161 1621 7335 
6059 13604 9037 16166 9948 4968 8820 -11592 
6306 -13909 3468 -13642 1437 903 1049 13368 
2579 13213 5649 10876 9345 -5489 12508 -14039 
14097 -13057 13520 -7870 10826 9909 6688 14933 
2197 12754 -1480 3125 -3467 -14551 -3444 -15110 
-1746 -10488 747 3309 2904 17645 3697 13151 
2542 6367 -514 -9195 -4802 -17739 -9231 -9844 
-12635 -2291 -14133 13046 -13404 15928 -10786 7140 
-7168 -1094 -3706 -15756 -1457 -14054 -1046 -5114 
-2471 5148 -5103 18273 -7892 11891 -9703 2069 
-9679 -10407 -7517 -19382 -3575 -8035 1240 2380 
5751 15025 8874 17450 9955 2888 8971 -6461 
6531 -17186 3676 -13212 1545 1426 1010 9029 
2394 17496 5371 8853 9059 -4137 12305 -11225 
14046 -17382 13647 -4896 11102 6723 7042 14174 
2534 16326 -1245 86 -3384 -10110 -3515 -16645 
-1922 -12689 548 5640 2772 12919 3701 16702 
2706 6770 -218 -10262 -4445 -13703 -8906 -14597 
-12429 -861 -14096 12464 -13538 13326 -11042 12077 
-7462 -3846 -3946 -13433 -1572 -13417 -1008 -9348 
-2304 8363 -4876 14624 -7695 13500 -9619 4912 
-9758 -13259 -7760 -15270 -3930 -11702 858 1437 
5435 16886 8698 13830 9948 7864 9112 -7577 
6752 -17590 3888 -10835 1663 -3821 982 11811 
2220 16214 5097 8252 8770 428 12093 -14843 
13982 -14648 13760 -6387 11368 3579 7392 17733 
2876 12871 -998 3581 -3288 -8942 -3574 -19429 
-2093 -9431 348 789 2633 13976 3693 18155 
2858 4475 69 -5067 -4089 -16694 -8576 -14361 
-12210 -75 -14045 7916 -13659 17454 -11291 10208 
-7756 -2762 -4193 -10300 -1698 -17723 -982 -6434 
-2145 5387 -4650 13477 -7492 17170 -9524 1826 
-9824 -8901 -7991 -16415 -4279 -14095 474 3901 
5111 12087 8509 17069 9929 8511 9243 -8833 
6971 -13342 4103 -15417 1790 -2622 967 11441 
2056 13297 4829 13173 8479 -2172 11872 -12699 
13905 -13635 13859 -10742 11624 6751 7739 14164 
3222 14100 -742 6655 -3179 -11847 -3623 -15260 
-2257 -12795 147 -456 2486 15962 3673 14351 
2997 9293 349 -5877 -3735 -17270 -8240 -11707 
-11981 -5331 -13980 10462 -13769 16344 -11532 9274 
-8050 1958 -4446 -13796 -1835 -15095 -967 -7587 
-1995 1968 -4426 17029 -7284 13707 -9418 5051 
-9876 -7380 -8210 -19286 -4622 -10713 89 -817 
4779 12777 8308 18682 9896 6006 9365 -3604 
7185 -16034 4323 -15374 1928 -1571 964 6708 
1902 17251 4566 11464 8186 -1367 11642 -9265 
13815 -17902 13945 -7896 11870 4002 8082 12639 
3572 17849 -476 3529 -3058 -7596 -3660 -16010 
-2415 -15363 -53 2134 2331 11115 3642 17262 
3125 10175 619 -7320 -3384 -12830 -7899 -16095 
-11740 -4362 -13901 10309 -13865 13125 -11766 14154 
-8343 -484 -4706 -11845 -1983 -13709 -964 -12039 
-1853 5088 -4205 13560 -7071 14548 -9301 8336 
-9915 -10330 -8417 -15081 -4958 -13753 -295 -2352 
4440 14883 8094 14710 9850 10637 9476 -4109 
7396 -16781 4545 -12452 2074 -6804 973 9011 
1760 16318 4310 10198 7893 3482 11404 -12626 
13712 -15391 14016 -8702 12105 332 8420 16170 
3924 14392 -201 6463 -2924 -5736 -3686 -18956 
-2565 -11869 -255 -2422 2170 11440 3598 19026 
3239 7464 880 -2088 -3037 -15213 -7554 -16240 
-11489 -3046 -13808 5418 -13948 16887 -11991 12608 
-8635 34 -4972 -8128 -2142 -17917 -974 -9270 
-1721 2586 -3988 11666 -6854 18357 -9174 5179 
-9941 -6213 -8612 -15434 -5286 -16481 -679 360 
4094 10015 7869 17277 9790 11744 9576 -5740 
7601 -12171 4770 -16620 2229 -6065 994 9079 
1629 12813 4060 15010 7599 1203 11159 -10880 
13596 -13639 14074 -13225 12329 3391 8753 12819 
4279 14841 83 9938 -2778 -8723 -3699 -14736 
-2708 -14567 -455 -4233 2002 13661 3544 14902 
3341 11881 1131 -2291 -2693 -16128 -7205 -13059 
-11227 -8227 -13701 7470 -14018 16135 -12208 11013 
-8925 4985 -5243 -11344 -2312 -15536 -995 -9720 
-1598 -1313 -3774 15163 -6634 14922 -9037 7802 
-9953 -4028 -8794 -18443 -5605 -12887 -1062 -4007 
3741 9978 7632 19182 9717 8835 9666 -534 
7801 -14235 4997 -16950 2392 -4484 1027 4057 
1509 16364 3817 13631 7305 1428 10906 -6902 
13468 -17768 14118 -10543 12541 1151 9081 10568 
4635 18690 375 6760 -2620 -4765 -3700 -14692 
-2844 -17437 -655 -1402 1829 8799 3478 17113 
3430 13202 1372 -4107 -2353 -11372 -6853 -16987 
-10956 -7714 -13581 7764 -14075 12361 -12415 15731 
-9212 2876 -5519 -9814 -2492 -13425 -1029 -14291 
-1486 1675 -3564 11950 -6411 14974 -8891 11445 
-9952 -7044 -8963 -14229 -5917 -15227 -1444 -6078 
3383 12309 7383 14925 9631 13011 9743 -440 
7995 -15318 5225 -13524 2563 -9583 1072 5853 
1401 15799 3581 11711 7012 6452 10647 -9960 
13327 -15528 14147 -10632 12741 -2953 9402 14020 
4993 15292 676 9054 -2449 -2272 -3690 -17753 
-2970 -13757 -852 -5554 1650 8405 3402 19150 
3507 10103 1602 1040 -2019 -13111 -6499 -17498 
-10675 -5871 -13447 2639 -14118 15687 -12612 14524 
-9497 2800 -5799 -5597 -2681 -17457 -1075 -11704 
-1384 -284 -3360 9358 -6186 18846 -8736 8255 
-9939 -3270 -9119 -13792 -6219 -18223 -1823 -3137 
3019 7481 7123 16770 9531 14535 9809 -2441 
8183 -10441 5454 -17190 2742 -9295 1128 6377 
1304 11773 3354 16311 6720 4517 10382 -8658 
13175 -13070 14163 -15225 12929 -42 9717 10965 
5351 14947 984 12843 -2266 -5311 -3666 -13569 
-3088 -15725 -1047 -7869 1467 10840 3315 14780 
3570 14013 1822 1423 -1690 -14359 -6142 -13839 
-10386 -10858 -13300 4176 -14147 15312 -12800 12284 
-9777 7869 -6082 -8488 -2881 -15369 -1133 -11428 
-1292 -4571 -3160 12752 -5959 15499 -8573 10204 
-9912 -486 -9262 -16894 -6512 -14470 -2200 -7045 
2651 6737 6853 18930 9417 11255 9863 2620 
8364 -11849 5682 -17877 2927 -7191 1195 1177 
1219 14861 3134 15277 6430 4137 10111 -4227 
13012 -16986 14164 -12742 13105 -1708 10024 8048 
5710 18823 1299 9650 -2072 -1744 -3631 -12743 
-3197 -18830 -1239 -4824 1279 6075 3218 16250 
3621 15728 2030 -758 -1366 -9387 -5785 -17225 
-10088 -10791 -13140 4931 -14163 11056 -12976 16742 
-10054 6113 -6369 -7424 -3089 -12577 -1203 -16019 
-1211 -1746 -2967 9873 -5730 14759 -8401 14118 
-9873 -3540 -9392 -12762 -6795 -16054 -2573 -9587 
2278 9272 6572 14468 9290 14877 9905 3283 
8537 -13260 5911 -14002 3119 -12039 1274 2454 
1147 14679 2924 12727 6142 9222 9836 -6941 
12837 -15061 14152 -12100 13268 -6150 10324 11372 
6068 15545 1621 11242 -1866 1310 -3582 -15875 
-3296 -15020 -1428 -8465 1088 4991 3112 18524 
3660 12278 2226 4185 -1050 -10461 -5427 -18084 
-9782 -8432 -12967 -312 -14164 13893 -13142 15885 
-10325 5425 -6659 -2804 -3307 -16361 -1285 -13650 
-1141 -3104 -2780 6649 -5502 18623 -8222 10933 
-9822 -204 -9508 -11555 -7067 -19253 -2942 -6446 
1903 4597 6281 15557 9150 16770 9934 924 
8703 -8220 6138 -17090 3317 -12187 1363 3442 
1086 10215 2723 17020 5858 7648 9556 -6126 
12652 -11950 14125 -16667 13417 -3419 10615 8688 
6424 14414 1949 15257 -1649 -1750 -3521 -11818 
